   Residue Number     State  0     State  1     State  2     State  3     State  4 
-----------------------------------------------------------------------------------
Residue: GL4 4    0.078230 (0) 0.335249 (1) 0.120804 (1) 0.424767 (1) 0.040950 (1) 
Residue: GL4 5    0.099238 (0) 0.407335 (1) 0.024444 (1) 0.446585 (1) 0.022398 (1) 
Residue: LYS 7    0.999960 (3) 0.000040 (2) 
Residue: HIP 11   0.994072 (2) 0.004952 (1) 0.000976 (1) 
Residue: GL4 13   0.008168 (0) 0.204090 (1) 0.180084 (1) 0.242482 (1) 0.365175 (1) 
Residue: LYS 18   0.999972 (3) 0.000028 (2) 
Residue: GL4 20   0.009826 (0) 0.433849 (1) 0.060444 (1) 0.435901 (1) 0.059980 (1) 
Residue: AS4 24   0.684673 (0) 0.150368 (1) 0.003444 (1) 0.157724 (1) 0.003790 (1) 
Residue: LYS 27   0.999528 (3) 0.000472 (2) 
Residue: AS4 30   0.112838 (0) 0.349017 (1) 0.031008 (1) 0.482689 (1) 0.024448 (1) 
Residue: GL4 33   0.119602 (0) 0.379935 (1) 0.054436 (1) 0.393761 (1) 0.052266 (1) 
Residue: AS4 37   0.677725 (0) 0.154704 (1) 0.005538 (1) 0.157756 (1) 0.004276 (1) 
Residue: GL4 39   0.070832 (0) 0.369375 (1) 0.095254 (1) 0.371583 (1) 0.092956 (1) 
Residue: AS4 40   0.819454 (0) 0.072032 (1) 0.007044 (1) 0.093428 (1) 0.008042 (1) 
Residue: LYS 41   0.999994 (3) 0.000006 (2) 
Residue: LYS 42   0.999998 (3) 0.000002 (2) 
Residue: TYR 46   1.000000 (1) 0.000000 (0) 
Residue: GL4 48   0.466127 (0) 0.214616 (1) 0.024188 (1) 0.268349 (1) 0.026720 (1) 
Residue: LYS 52   0.999948 (3) 0.000052 (2) 
Residue: AS4 58   0.877170 (0) 0.059286 (1) 0.000298 (1) 0.062970 (1) 0.000276 (1) 
Residue: LYS 59   0.999996 (3) 0.000004 (2) 
Residue: LYS 64   0.999978 (3) 0.000022 (2) 
Residue: LYS 69   0.999952 (3) 0.000048 (2) 
Residue: GL4 73   0.102206 (0) 0.413947 (1) 0.021436 (1) 0.438339 (1) 0.024072 (1) 
Residue: AS4 77   0.704907 (0) 0.147506 (1) 0.003194 (1) 0.141682 (1) 0.002710 (1) 
Residue: GL4 78   0.161712 (0) 0.383739 (1) 0.033398 (1) 0.387863 (1) 0.033288 (1) 
Residue: LYS 82   0.999992 (3) 0.000008 (2) 
Residue: AS4 87   0.260433 (0) 0.305295 (1) 0.079142 (1) 0.286171 (1) 0.068960 (1) 
Residue: GL4 93   0.743273 (0) 0.101008 (1) 0.023418 (1) 0.109740 (1) 0.022560 (1) 
Residue: GL4 94   0.036602 (0) 0.359515 (1) 0.119934 (1) 0.361605 (1) 0.122344 (1) 
Residue: HIP 97   0.990184 (2) 0.007080 (1) 0.002736 (1) 
Residue: LYS 99   0.999076 (3) 0.000924 (2) 
Residue: LYS 102  0.999924 (3) 0.000076 (2) 
Residue: LYS 109  0.999744 (3) 0.000256 (2) 
Residue: TYR 110  1.000000 (1) 0.000000 (0) 
Residue: LYS 111  0.999986 (3) 0.000014 (2) 
Residue: LYS 114  0.999846 (3) 0.000154 (2) 
Residue: AS4 117  0.537267 (0) 0.215428 (1) 0.003384 (1) 0.239512 (1) 0.004408 (1) 
