   Residue Number     State  0     State  1     State  2     State  3     State  4 
-----------------------------------------------------------------------------------
Residue: GL4 4    0.998971 (0) 0.000513 (1) 0.000015 (1) 0.000473 (1) 0.000028 (1) 
Residue: GL4 5    0.999737 (0) 0.000125 (1) 0.000001 (1) 0.000131 (1) 0.000005 (1) 
Residue: LYS 7    0.997669 (3) 0.002331 (2) 
Residue: HIP 11   0.262976 (2) 0.344354 (1) 0.392670 (1) 
Residue: GL4 13   0.997227 (0) 0.001191 (1) 0.000383 (1) 0.001091 (1) 0.000109 (1) 
Residue: LYS 18   0.945572 (3) 0.054428 (2) 
Residue: GL4 20   0.986693 (0) 0.006020 (1) 0.000953 (1) 0.005600 (1) 0.000733 (1) 
Residue: AS4 24   0.999837 (0) 0.000119 (1) 0.000003 (1) 0.000041 (1) 0.000000 (1) 
Residue: LYS 27   0.979295 (3) 0.020705 (2) 
Residue: AS4 30   0.997371 (0) 0.001148 (1) 0.000067 (1) 0.001257 (1) 0.000157 (1) 
Residue: GL4 33   0.994089 (0) 0.002257 (1) 0.000853 (1) 0.002420 (1) 0.000380 (1) 
Residue: AS4 37   0.998577 (0) 0.000099 (1) 0.000617 (1) 0.000145 (1) 0.000561 (1) 
Residue: GL4 39   0.995956 (0) 0.001947 (1) 0.000168 (1) 0.001796 (1) 0.000133 (1) 
Residue: AS4 40   0.999732 (0) 0.000141 (1) 0.000005 (1) 0.000120 (1) 0.000001 (1) 
Residue: LYS 41   0.994105 (3) 0.005895 (2) 
Residue: LYS 42   0.995984 (3) 0.004016 (2) 
Residue: TYR 46   1.000000 (1) 0.000000 (0) 
Residue: GL4 48   0.997371 (0) 0.001289 (1) 0.000213 (1) 0.001076 (1) 0.000051 (1) 
Residue: LYS 52   0.917577 (3) 0.082423 (2) 
Residue: AS4 58   0.999999 (0) 0.000001 (1) 0.000000 (1) 0.000000 (1) 0.000000 (1) 
Residue: LYS 59   0.992475 (3) 0.007525 (2) 
Residue: LYS 64   0.983579 (3) 0.016421 (2) 
Residue: LYS 69   0.977549 (3) 0.022451 (2) 
Residue: GL4 73   0.986299 (0) 0.003089 (1) 0.002969 (1) 0.006435 (1) 0.001208 (1) 
Residue: AS4 77   0.999927 (0) 0.000044 (1) 0.000000 (1) 0.000029 (1) 0.000000 (1) 
Residue: GL4 78   0.986929 (0) 0.005612 (1) 0.000368 (1) 0.006453 (1) 0.000637 (1) 
Residue: LYS 82   0.994456 (3) 0.005544 (2) 
Residue: AS4 87   0.998439 (0) 0.000761 (1) 0.000008 (1) 0.000679 (1) 0.000113 (1) 
Residue: GL4 93   0.999765 (0) 0.000084 (1) 0.000000 (1) 0.000049 (1) 0.000101 (1) 
Residue: GL4 94   0.996188 (0) 0.001669 (1) 0.000143 (1) 0.001661 (1) 0.000339 (1) 
Residue: HIP 97   0.120225 (2) 0.830454 (1) 0.049320 (1) 
Residue: LYS 99   0.979992 (3) 0.020008 (2) 
Residue: LYS 102  0.990737 (3) 0.009263 (2) 
Residue: LYS 109  0.995833 (3) 0.004167 (2) 
Residue: TYR 110  0.999876 (1) 0.000124 (0) 
Residue: LYS 111  0.996509 (3) 0.003491 (2) 
Residue: LYS 114  0.989743 (3) 0.010257 (2) 
Residue: AS4 117  0.958151 (0) 0.022420 (1) 0.000059 (1) 0.019265 (1) 0.000105 (1) 
